1.565926977008841641e+05
1.572929569857746828e+05
1.568628533640906389e+05
1.567675964628987713e+05
1.569409387773932249e+05
1.566644409381006262e+05
1.569572607458669227e+05
1.570571438062281813e+05
1.568953080815070134e+05
1.567914891810841218e+05
1.562980820299883489e+05
1.568247659823143331e+05
1.562466587312571355e+05
1.566382148404458130e+05
1.565916480123028450e+05
1.564185240753555554e+05
1.569915223990770464e+05
1.565687688119953091e+05
1.564569072202997631e+05
1.564496287889272498e+05
1.564533580622836307e+05
1.565841265974624548e+05
1.565816690811224689e+05
1.564735947097269236e+05
1.570193106036138197e+05
1.562513270895808237e+05
1.566619412226065760e+05
1.565029970626680588e+05
1.567691243675508886e+05
1.566463012072279234e+05
1.569323504498269467e+05
1.563619251672432292e+05
1.564425432679737569e+05
1.569054356324489345e+05
1.566719114186850493e+05
1.565255456824296853e+05
1.564286924721258983e+05
1.562476909496347071e+05
1.564968278662051889e+05
1.568443380238368991e+05
1.563872880891963723e+05
1.563444403229526069e+05
1.561995003767780145e+05
1.564257943867741560e+05
1.564708712033832271e+05
1.562502616532102693e+05
1.562833548942712951e+05
1.564362488273739873e+05
1.564031131410995149e+05
1.560692500422912999e+05
1.564715782545173715e+05
1.560188011380237294e+05
1.566729041445596959e+05
1.563251496501345246e+05
1.561747406689733325e+05
1.559750642368318513e+05
1.562878829988465004e+05
1.566388014455977536e+05
1.565761139254131704e+05
1.565178583006534900e+05
1.567195369165703596e+05
1.563230163168010477e+05
1.564170243444827793e+05
1.561904686505188583e+05
1.563103602614378033e+05
1.561205703652440861e+05
1.563359088350632810e+05
1.568036795693962486e+05
1.564246614071509393e+05
1.561842744790463767e+05
1.560822904421374842e+05
1.564690618069972261e+05
1.566016887043444149e+05
1.561678735255669744e+05
1.565379496501345129e+05
1.561905798692808312e+05
1.562551200922720309e+05
1.565164558861976257e+05
1.562339494040752179e+05
1.563453530795846018e+05
1.562644934717415017e+05
1.565111859131101519e+05
1.562175322106881358e+05
1.561951232295270020e+05
1.561509589234908344e+05
1.563118077047289698e+05
1.564800700038445939e+05
1.561870303421760036e+05
1.561613159246442665e+05
1.563325673510186898e+05
1.560921003306419589e+05
1.563182742637445917e+05
1.560305483737023605e+05
1.563139163091118389e+05
1.564173511111110274e+05
1.556643716724335391e+05
1.562586090888118488e+05
1.562204509650133550e+05
1.562967263667819207e+05
1.563439096962705371e+05
