1.529366425836215785e+05
1.540538590388310840e+05
1.532824413994616189e+05
1.535629191234139435e+05
1.529315288581314380e+05
1.534495595232601627e+05
1.537303277201075980e+05
1.531952204229141935e+05
1.529975304267587780e+05
1.528216619454055035e+05
1.528015547251055541e+05
1.524944250980391225e+05
1.534399394694346411e+05
1.531447731180313276e+05
1.530602667896960338e+05
1.532388041522490676e+05
1.531343320876585785e+05
1.530073767320259940e+05
1.528901040522874973e+05
1.529355206766626798e+05
1.532610533179545309e+05
1.527351549096499512e+05
1.529317177085735020e+05
1.525475132333715737e+05
1.528579203690887080e+05
1.526481925413301797e+05
1.528303248289118637e+05
1.527822938254515757e+05
1.527381920184542832e+05
1.529944971318722528e+05
1.528744749865435297e+05
1.526055467896961782e+05
1.527659441753170977e+05
1.524875527873894025e+05
1.530843803460206836e+05
1.527548284505958145e+05
1.526901319800074561e+05
1.528640296501343837e+05
1.531455435294116614e+05
1.525695841291808756e+05
1.531075553094962670e+05
1.524267456516723323e+05
1.527590750634369906e+05
1.529008858746635087e+05
1.525964439523258770e+05
1.524561301653208502e+05
1.529681176163013442e+05
1.531435462668203691e+05
1.527404405074970273e+05
1.523356991926181363e+05
1.527322728181466809e+05
1.528261061437907338e+05
1.528194348635139468e+05
1.528765907266434515e+05
1.529628884890424961e+05
1.527300558246826113e+05
1.528129785159552994e+05
1.528311130795846402e+05
1.521950785697806859e+05
1.532035952941175492e+05
1.525284606228373013e+05
1.531500108573624748e+05
1.526111506651286036e+05
1.523655454363704484e+05
1.527962105651671882e+05
1.525623312879661098e+05
1.527933172779698798e+05
1.526729125105728162e+05
1.527399820991924498e+05
1.526781517262590642e+05
1.529589419454055023e+05
1.525918980084581417e+05
1.527273566782005655e+05
1.524621454517491511e+05
1.528255370088426571e+05
1.526759849288734549e+05
1.526035201230295352e+05
1.528781315494039736e+05
1.528102687889272929e+05
1.530181360399845289e+05
1.527540299884658307e+05
1.528500262975777150e+05
1.528117770088426478e+05
1.527103234755861922e+05
1.523578533794692776e+05
1.526586432910418371e+05
1.526917489580929687e+05
1.524182082583620795e+05
1.528322881353325793e+05
1.523733969396385073e+05
1.528089926028450427e+05
1.526117137716261786e+05
1.525097262898884073e+05
1.524807506036139093e+05
1.525540672664359154e+05
1.528832839061897539e+05
1.528434114878891851e+05
1.523375694886581623e+05
1.524265548327564611e+05
1.528013164167626237e+05
