1.532783047750864062e+05
1.543080049826989125e+05
1.539878537793156283e+05
1.539867594309879933e+05
1.542967562629756285e+05
1.538132574240675604e+05
1.538087503575546725e+05
1.537222881045749818e+05
1.537226799538637570e+05
1.541271079123413074e+05
1.535020330026911688e+05
1.535430628835061798e+05
1.539186173933100945e+05
1.537593633217992901e+05
1.537202117339484103e+05
1.537426734948095400e+05
1.534109126028449682e+05
1.538742851518646348e+05
1.536648746174547705e+05
1.532822952402920637e+05
1.536699340868894651e+05
1.537865862053055025e+05
1.534221859284888778e+05
1.535285765167242498e+05
1.536884430296039791e+05
1.534907091118799290e+05
1.533880123644750274e+05
1.534841636908879736e+05
1.536806644828912104e+05
1.533180838139175903e+05
1.532654264052286453e+05
1.535895232910418126e+05
1.533631064975007903e+05
1.536126275124950043e+05
1.533272441061129794e+05
1.529190772779698600e+05
1.532110310803536267e+05
1.535691482352940657e+05
1.532043060361398675e+05
1.536521611072663509e+05
1.533318174855824327e+05
1.532693718415992043e+05
1.532193943867742491e+05
1.537372775394078053e+05
1.531713251211071911e+05
1.537424877201076306e+05
1.535790775855439424e+05
1.531170440907341545e+05
1.535168968242982519e+05
1.527543465436368715e+05
1.531720919646288385e+05
1.539041883583236486e+05
1.532924589619375765e+05
1.530234579315646843e+05
1.529592140868895222e+05
1.533280656978085171e+05
1.532618512879660120e+05
1.529681966013070487e+05
1.529316983929256385e+05
1.530609572318337741e+05
1.534235158785082167e+05
1.532678698961936461e+05
1.530862319415608945e+05
1.528163783160322055e+05
1.530245728258361341e+05
1.537294591311032418e+05
1.529743649365626043e+05
1.531478894579006883e+05
1.534530451980007056e+05
1.531573146328334406e+05
1.533466703575546271e+05
1.533343167089579219e+05
1.529864925797769101e+05
1.530219094809687522e+05
1.529158142868127034e+05
1.529039940945788985e+05
1.532581001153401448e+05
1.533673479430987209e+05
1.531339286735868955e+05
1.530027243675508071e+05
1.529819265820837172e+05
1.530162253902343800e+05
1.530472554248364468e+05
1.529445532641290629e+05
1.533619315647826879e+05
1.533286622683581954e+05
1.531899383929257165e+05
1.527244366935792495e+05
1.530056756016915606e+05
1.529741021453285939e+05
1.532512338331409846e+05
1.530171848981159274e+05
1.529741581237984647e+05
1.529754530103805300e+05
1.530069136485966446e+05
1.530661414532870403e+05
1.528858087197231653e+05
1.530161595693962881e+05
1.530193920492116304e+05
1.531710897654746368e+05
