1.538868931026527425e+05
1.547789599692425691e+05
1.541649398846596014e+05
1.539802648212224594e+05
1.540968009227219736e+05
1.539651676124565420e+05
1.538726238831218507e+05
1.543456006151478796e+05
1.537469584928872646e+05
1.540495672741252056e+05
1.537478441830063530e+05
1.536579278738946596e+05
1.543656169165704632e+05
1.534369323798537953e+05
1.538613838985004695e+05
1.536583054517492128e+05
1.535889339792386454e+05
1.539568969473277684e+05
1.537435212918106408e+05
1.535916206997307308e+05
1.535650188696653931e+05
1.534127699807765603e+05
1.537156746482121234e+05
1.540023374394462153e+05
1.535098621145711804e+05
1.536093480353709019e+05
1.535430518108418328e+05
1.535876755094193795e+05
1.535262383391002077e+05
1.537449219838522549e+05
1.534393176778161142e+05
1.534758839215684857e+05
1.532134566089963773e+05
1.535670326182236604e+05
1.539249678123796475e+05
1.539250193617838959e+05
1.537897422837369377e+05
1.536704501960783382e+05
1.537347412841213518e+05
1.533744311264897115e+05
1.537616472433677991e+05
1.532360176547480223e+05
1.532768554863512691e+05
1.536602280353709066e+05
1.533267031449441565e+05
1.537844368781237281e+05
1.532855498654363037e+05
1.533751697962321341e+05
1.531350650980391656e+05
1.533320642829680000e+05
1.532072159323336091e+05
1.534434686966550944e+05
1.531694049980775453e+05
1.535039354094577720e+05
1.531702113341020886e+05
1.535701701191848260e+05
1.531580104882736632e+05
1.533083310111495666e+05
1.533706512879660877e+05
1.534643582622067188e+05
1.532074366474431590e+05
1.532497400076892518e+05
1.536446908727411355e+05
1.531351555247980868e+05
1.537021122337561101e+05
1.533081735332563403e+05
1.533101122337560810e+05
1.529313658439061546e+05
1.533974546405228029e+05
1.532911766243750753e+05
1.536526850903497252e+05
1.531635642906572903e+05
1.537416756016915315e+05
1.532397444675123843e+05
1.532252056901190663e+05
1.533765861130332632e+05
1.530267986774317105e+05
1.531197949096500524e+05
1.537108222376007761e+05
1.531745221683967102e+05
1.533112096578238124e+05
1.533194117954632675e+05
1.531376532718184171e+05
1.533039290119184006e+05
1.532367099423298205e+05
1.532504149480967899e+05
1.529596162706651376e+05
1.531458279738560377e+05
1.534077364705880755e+05
1.528888174086888612e+05
1.535430452902728866e+05
1.530893256439829711e+05
1.530869933717799140e+05
1.530747920338331023e+05
1.531846799846211507e+05
1.532338621760860260e+05
1.530059922798922053e+05
1.533745557554785337e+05
1.535878860130717512e+05
1.530718972702805768e+05
