7.684115246751249069e+05
7.671824895655513974e+05
7.668136917185694911e+05
7.660608532718180213e+05
7.655514676509026904e+05
7.658098226835832465e+05
7.656363722260667710e+05
7.645537822068429086e+05
7.647224924567472190e+05
7.638205266282189405e+05
7.640607637062664144e+05
7.641395892656659707e+05
7.647679651826216141e+05
7.643112551787762204e+05
7.633514724490576191e+05
7.642418705420984188e+05
7.635891011764701689e+05
7.636257621530176839e+05
7.634505342868128791e+05
7.634084812918102834e+05
7.635950224682810949e+05
7.641431081584007479e+05
7.630505122645132942e+05
7.628667297808523290e+05
7.634859003767779795e+05
7.632471216916566482e+05
7.636168521030365955e+05
7.623392581930019660e+05
7.616423491272580577e+05
7.625002224990377435e+05
7.630610674663577229e+05
7.630181530180694535e+05
7.621931944944246206e+05
7.619240384467500262e+05
7.625925596616684925e+05
7.628519733640899649e+05
7.616375773010365665e+05
7.619455555863125483e+05
7.620828485044203699e+05
7.626434356016903184e+05
7.615094396309112199e+05
7.619069484044590499e+05
7.610223863437122200e+05
7.615617573548633372e+05
7.622350689734704792e+05
7.616797044828903163e+05
7.622722841983853141e+05
7.613849057439443422e+05
7.620168357400993118e+05
7.621726217301029246e+05
7.612833595693960087e+05
7.610590570396005642e+05
7.616757361630137311e+05
7.609268662821984617e+05
7.610683837908491259e+05
7.611699827450970188e+05
7.609986920722789364e+05
7.611431572472123662e+05
7.614631795155709842e+05
7.616182737101104576e+05
7.617770121645519976e+05
7.611570447058817372e+05
7.602235965859281132e+05
7.605833349019590532e+05
7.605857423452505609e+05
7.610986736793532036e+05
7.603024359246439999e+05
7.610454460284499219e+05
7.604788790772772627e+05
7.598304727104953490e+05
7.615474085351780523e+05
7.595478898269891506e+05
7.601735745943863876e+05
7.602943844982692972e+05
7.600130602076118812e+05
7.604252777854669839e+05
7.601738295117255766e+05
7.595756406305269338e+05
7.607835335947705898e+05
7.599762875201847637e+05
7.595610611303335754e+05
7.604630194540553493e+05
7.592917195540172979e+05
7.610165451441754121e+05
7.598962007843136089e+05
7.598555915417145006e+05
7.596484965474809287e+05
7.601724230372932507e+05
7.601005075586303137e+05
7.598605117416371359e+05
7.604675054825068219e+05
7.586347500807379838e+05
7.588685640292200260e+05
7.595274354171470040e+05
7.605189533871583408e+05
7.600996473356399219e+05
7.589067278123787837e+05
7.589537310265273554e+05
7.593828226066895295e+05
7.603155757324097212e+05
