7.774236946405225899e+05
7.771844944559785072e+05
7.763891813917717664e+05
7.748359594617447583e+05
7.739744506881962297e+05
7.741101759630907327e+05
7.739109588004603283e+05
7.719685114340629661e+05
7.730235204306027154e+05
7.731640667435589712e+05
7.715925611380232731e+05
7.720134189619371900e+05
7.716510347712411312e+05
7.726485357939238893e+05
7.705204334332939470e+05
7.716105587697033770e+05
7.725540857208758825e+05
7.718796931641672272e+05
7.709880254056124249e+05
7.708471192310645711e+05
7.700112093502491480e+05
7.704368845213372260e+05
7.712119908342940034e+05
7.703107954171480378e+05
7.695500167627830524e+05
7.692599129565544426e+05
7.696206895194159588e+05
7.693878145328715909e+05
7.692462227143405471e+05
7.691975533102643676e+05
7.695703269819300622e+05
7.689598395693956409e+05
7.690005062668194296e+05
7.688920810149932513e+05
7.693232394925022963e+05
7.682077864206064260e+05
7.683745459131097887e+05
7.681787863744709175e+05
7.679085055901573505e+05
7.677833218608223833e+05
7.675496860592063749e+05
7.676178294502113713e+05
7.673158697731635766e+05
7.674398113956169691e+05
7.667984898116106633e+05
7.669484961168769514e+05
7.671976972549012862e+05
7.662060918108412297e+05
7.665921783929252997e+05
7.662293976778155193e+05
7.661501727643215563e+05
7.672039288273734273e+05
7.661410273587071570e+05
7.656928264513642062e+05
7.659769794386764988e+05
7.655434644521332812e+05
7.661380258054588921e+05
7.654247643829300068e+05
7.661482724490574328e+05
7.653390388312179130e+05
7.654064743098800536e+05
7.661752407843125984e+05
7.653312722183768637e+05
7.651480186389846494e+05
7.657723695194150787e+05
7.650633796847362537e+05
7.654537433910028776e+05
7.651124401999225374e+05
7.636245899269505171e+05
7.637889905728554586e+05
7.652895103114173980e+05
7.643067232602840522e+05
7.639077816839679144e+05
7.639789860515177716e+05
7.635584382622059202e+05
7.648092425990005722e+05
7.638170762629748788e+05
7.641526488581305603e+05
7.627338468589003896e+05
7.626439795155706815e+05
7.629094427066507051e+05
7.633454919800072676e+05
7.635013588004605845e+05
7.635286767858518288e+05
7.628103594617446652e+05
7.634952955324865179e+05
7.627905938946560491e+05
7.622071992003056221e+05
7.636352974394460907e+05
7.629990977008835180e+05
7.623486325567075983e+05
7.621667988619757816e+05
7.626012544098416111e+05
7.622662029680876294e+05
7.618536923337173648e+05
7.617782844136859057e+05
7.618834280968855601e+05
7.614058516570543870e+05
7.623887865897718584e+05
7.618874114263734082e+05
