7.942988851672426099e+05
7.928081621530174743e+05
7.923604678815831430e+05
7.919227366705099121e+05
7.916521751326407539e+05
7.904709108189144172e+05
7.903516566243744455e+05
7.907888734486735193e+05
7.910418292041517561e+05
7.902440738792765187e+05
7.915242429219523910e+05
7.903438035217218567e+05
7.903034752787378384e+05
7.894325402229893953e+05
7.897479261207212694e+05
7.890595998462123098e+05
7.898578454440589994e+05
7.882371650288345991e+05
7.895118716801233822e+05
7.887376973164168885e+05
7.882613931257197401e+05
7.882823093886956340e+05
7.879813850057675736e+05
7.882569460976547562e+05
7.876504321722418536e+05
7.878649002076116158e+05
7.884645489580925787e+05
7.869891399307945976e+05
7.881295279046507785e+05
7.880344512418296654e+05
7.879557915263364557e+05
7.873124256824289914e+05
7.877608965167232091e+05
7.877306432910413714e+05
7.871651719184918329e+05
7.881567589081109036e+05
7.869119425451746210e+05
7.864432397385609802e+05
7.872718409227211960e+05
7.852111105574774556e+05
7.862674535640128888e+05
7.862179549404059071e+05
7.865824367858506739e+05
7.848448369088801555e+05
7.865215365167231066e+05
7.852668947635514196e+05
7.862417154017678695e+05
7.854880296501351986e+05
7.861204101806986146e+05
7.861136102114554960e+05
7.859177689811601304e+05
7.850715988004597602e+05
7.849584228835061658e+05
7.846619137870050035e+05
7.855316975317175966e+05
7.862758249903878896e+05
7.855158473817755003e+05
7.850326828143014573e+05
7.852537799307955429e+05
7.847747901268735295e+05
7.857416481660881545e+05
7.851224561630128883e+05
7.841569295501724118e+05
7.842630059207988670e+05
7.843109378854284296e+05
7.838323259054211667e+05
7.844689062975785928e+05
7.837988557016525883e+05
7.838461626758933999e+05
7.840292195309486706e+05
7.831364956862742547e+05
7.831439436524410266e+05
7.832802760784307029e+05
7.837142272049206076e+05
7.839893284121478209e+05
7.839854423990761861e+05
7.837004806151471566e+05
7.837661821145708673e+05
7.829730215763169108e+05
7.829724609304099577e+05
7.831099607843131525e+05
7.834764294348328840e+05
7.830059204306036700e+05
7.835681740868885536e+05
7.832055401460968424e+05
7.820762755247992463e+05
7.824600153171845013e+05
7.826720862437516917e+05
7.824093412687421078e+05
7.822760799077270785e+05
7.832053364090728574e+05
7.824116846136101522e+05
7.829723088658205234e+05
7.818637811303336639e+05
7.821293218300647568e+05
7.818323326720492914e+05
7.825308398923483910e+05
7.820429078046897193e+05
7.817255193540939363e+05
7.832557429911560612e+05
