7.631298374471345451e+05
7.629535019454043359e+05
7.629485380699727684e+05
7.621065356401379686e+05
7.619244253748555202e+05
7.615174812149164500e+05
7.617453709188767243e+05
7.621490188696644036e+05
7.603427479277191451e+05
7.608308564398306189e+05
7.617331134794306708e+05
7.613928838446746813e+05
7.617132716339863837e+05
7.617580996847351780e+05
7.602921139869274339e+05
7.610297265359472949e+05
7.609278654056120431e+05
7.607296221453277394e+05
7.604859455286423909e+05
7.610499399307944113e+05
7.610726678046894958e+05
7.611467707497111987e+05
7.608232808919642121e+05
7.608364729873118922e+05
7.597759853594765300e+05
7.617753523721637903e+05
7.619323504498258699e+05
7.604209236447515432e+05
7.594077333948492305e+05
7.606147410380606307e+05
7.602602990234524477e+05
7.591748286351398565e+05
7.601098095809298102e+05
7.607559015148016624e+05
7.600881364398290170e+05
7.599036370626679854e+05
7.598191327028063824e+05
7.600397770703575807e+05
7.605255637677808991e+05
7.594931562937332783e+05
7.590404451211062260e+05
7.589132232833513990e+05
7.597889104805829702e+05
7.593145592618223745e+05
7.591124539792380529e+05
7.591764197770085884e+05
7.590143462360621197e+05
7.593652302345252829e+05
7.601599410688192584e+05
7.585955065897724126e+05
7.600083184006138472e+05
7.593339028373691253e+05
7.587936627450976521e+05
7.601659631218762370e+05
7.588997890657433309e+05
7.598340574240671704e+05
7.589270678046895191e+05
7.600200005536323879e+05
7.598588754479042254e+05
7.596044048289115308e+05
7.600530011534023797e+05
7.586667705036525149e+05
7.580861091580159264e+05
7.598970318492883816e+05
7.583211633679345250e+05
7.595673294886579970e+05
7.590762298808143241e+05
7.594297752556708874e+05
7.595712839061896084e+05
7.588922266820458462e+05
7.592438206843511434e+05
7.590697285044196760e+05
7.596903303037288133e+05
7.598382090580535587e+05
7.584725223836988444e+05
7.597506944098420208e+05
7.591365766397536499e+05
7.584153345328718424e+05
7.587617134332937421e+05
7.590087391618608963e+05
7.595511509727017255e+05
7.596201694732792675e+05
7.591483932641280117e+05
7.586645130334481364e+05
7.587928327873885864e+05
7.585852435832362389e+05
7.593655567550933920e+05
7.587539487889272859e+05
7.598108203306415817e+05
7.581419306420602370e+05
7.583429201691650087e+05
7.583977312110724160e+05
7.592497332410603995e+05
7.591427879123411840e+05
7.576728528412142769e+05
7.589903649365627207e+05
7.576849125720872544e+05
7.590399771164919948e+05
7.588051818838904146e+05
7.596826981622441672e+05
